00716
01038
02733
02305
00919
01573
02226
00287
01990
00413
02129
00478
01724
02344
01742
02116
00728
02622
02399
00984
03085
00475
01974
02140
02675
02590
01885
01349
02073
01926
01126
01550
00111
02838
00414
02415
01108
02611
01177
01584
00400
01871
01305
00989
01183
02680
01284
02322
02286
01231
00675
02916
01862
01209
00075
00960
01170
00212
02427
02633
00555
01370
01998
01420
01182
00233
02178
02820
01585
00476
03040
03022
01014
01052
00185
00773
02702
02945
02551
01400
00063
02707
02293
01165
01826
01748
00683
00563
01887
02885
00269
02039
02528
00199
01906
01493
00099
01992
00373
01128
02297
02394
01115
03052
00283
02452
00516
01823
01893
01206
02383
00609
02290
01103
02588
01656
02831
01293
00504
02135
02620
01083
02239
00297
01274
02893
01433
03075
02983
01359
00407
01670
01746
00754
01147
02898
00970
02685
01080
02704
02761
02237
01018
02848
00556
00790
00074
01060
01105
01732
01682
01958
00678
02913
00847
01210
00020
02467
02570
01153
02946
01205
02708
00284
01131
02879
01988
00386
01596
02111
00428
01169
00331
00586
01629
01310
00446
01263
02484
01253
01446
02871
00141
02505
03047
02828
02358
02546
00131
00781
02258
00447
00404
00077
01993
01543
00088
01457
02944
02153
02766
00379
02375
00384
00480
02979
02495
01554
01832
02684
02710
01363
02025
01096
01741
02568
01623
02619
03076
01377
00722
02589
02059
01453
00184
01946
02606
02409
00791
01674
00932
01320
02840
01216
02182
00345
02513
02096
02475
01793
00770
01073
01022
00061
03010
02285
00605
00418
00035
03080
00500
02296
02756
01158
00415
00377
00933
00554
02021
00616
01397
00985
02711
00086
00095
01713
02496
01733
02866
02781
02539
01494
02170
01942
02632
01238
01562
02625
00030
01088
00411
00917
01545
03069
02031
02569
00705
00218
01395
01462
02706
00406
02919
01728
02151
00967
02155
02106
01563
00826
00186
00292
00902
00481
01055
00375
03043
02166
01911
03099
00873
00421
02723
00488
00027
00646
00403
01044
01641
01268
02167
02769
00800
02974
02470
00495
00888
00023
01070
02780
02911
02843
03028
00425
02789
01606
02125
00115
00085
02856
00491
00220
01461
02333
00660
02963
00594
00022
00422
02522
00796
02143
00841
00270
01755
02252
01361
01594
01016
02905
00598
02471
00028
02072
02023
01368
00177
02943
02651
01654
02591
00231
01028
00339
02010
00398
02300
00988
02407
01540
02933
02444
01527
01116
02097
00018
02507
02139
01802
01882
00874
02731
00462
01570
01551
00301
00016
01916
01678
01679
02552
02742
02282
00621
03095
00487
01245
00132
00280
01072
01388
01474
02007
00558
01576
01348
02502
01913
00739
00803
02066
02566
02498
00011
02460
01534
01968
00251
02699
00497
02592
02488
01490
00353
02826
00047
01358
01056
01266
01212
00214
02065
01677
01010
00469
01689
00904
02032
01192
01912
02666
01520
01597
02442
02372
01940
02256
03009
02750
00843
00756
01202
02128
00817
03034
00895
00528
01521
00797
01203
01532
01252
02506
02062
01555
02033
01919
02089
00635
00982
01304
01669
00519
02291
02497
01937
02607
00125
01691
01254
02637
00134
01525
01652
02790
01488
03037
02953
00146
02635
01630
01101
01747
01752
00002
02806
00788
02884
00669
02743
03012
01141
02000
00731
01378
02448
00567
01848
00560
01360
00324
00526
02082
03056
02784
01586
01853
01259
01492
01640
00569
01548
01221
00974
00230
02474
01795
00289
01834
01995
00957
02778
02746
01953
00502
02240
00452
02598
02903
02524
00767
00472
02180
01001
00945
01468
01421
00083
00359
02088
01270
02623
01163
00461
02870
02614
00330
00179
00983
02669
02324
01604
02827
01482
02683
00144
02567
00254
02331
02935
02245
00885
01130
02508
02464
01312
02325
00679
00994
00818
01023
02044
01472
00882
02613
01000
00733
00535
00655
02486
01609
00745
01144
01450
01275
02854
01287
00483
01592
01204
02785
02807
02851
01161
00068
02602
01681
02682
01844
01185
00691
00707
02148
03024
01546
00897
02405
02526
02787
00666
01300
01829
01809
02645
02101
02436
01863
00692
02107
01246
01094
02931
02493
02192
01876
02655
02815
01399
02894
01642
00852
01855
00098
01279
01347
02798
01631
00946
01704
00929
02752
00706
01058
03041
01787
01531
00834
01965
02176
02883
00977
01957
01858
03065
02937
01438
01084
00769
01575
00854
02959
01852
02489
00247
00161
01434
01071
00595
00718
01047
01214
01827
00308
00699
01151
02054
02700
00782
01423
01934
01549
02727
02857
00861
00100
02441
02051
02330
02402
02754
00455
01980
01647
01451
02278
02190
01006
02472
01759
00201
02098
00589
01973
01201
02359
02875
00045
02886
02119
01726
01194
00332
02821
02479
02355
02381
01632
01109
02744
02335
01124
00520
02648
00050
00172
00167
02122
01465
00296
00508
01579
02609
00013
02392
01066
00065
01978
00122
02425
02548
00884
01145
02751
02719
02022
02535
01804
02657
00496
01547
01559
02194
00543
00383
01744
00955
01622
00949
00682
02773
00357
02387
03016
02024
01767
01646
03021
00216
01789
02133
00886
01801
01798
00382
01402
02279
02235
01410
00812
00753
02984
02309
01868
01923
02067
01162
01625
00656
02646
02615
01007
02229
00451
00465
01917
00242
01191
02164
02238
01186
00778
00374
01002
02518
01042
02816
02260
02255
00540
00029
01513
02968
00842
00113
01386
00356
00709
00408
00541
02414
01783
00084
00717
02694
01136
00735
01477
02930
02912
01935
02642
02887
01620
01307
02844
02703
03091
02921
01845
01449
02376
03087
02379
00326
02185
00430
02747
00614
02099
00828
01705
00387
02538
00182
02034
02424
01941
00820
01582
02118
01181
00995
01927
02951
00615
00612
02914
01273
00743
00152
01599
01567
00031
02248
01928
03001
00187
03005
00746
00729
01754
00364
02652
01233
02265
02482
01460
02056
00121
01324
02839
00153
01334
01708
00725
01591
00193
01302
02393
00587
01296
01195
00450
02659
03093
00385
00877
02973
00197
00176
00443
00311
00780
02594
01533
02693
00358
02877
01743
03089
02692
02647
01580
00900
00459
02095
01883
01463
03059
00234
00930
02992
00320
01351
01836
02298
01881
03086
00344
02432
02209
01045
01664
00748
01422
01985
01455
00175
01553
01624
01817
00964
00582
00255
01285
03081
01278
01180
00931
01211
00441
01945
00506
01208
02045
02993
00410
01283
01265
01574
01299
01510
02397
01443
01021
02100
00170
00916
00689
02156
01612
01408
00809
02244
03050
00368
01668
01987
01239
02105
03039
02969
02043
00127
02643
02347
01247
01776
00941
01137
03071
01257
02771
02453
00996
02223
00312
01199
02241
00416
03092
00503
00094
00926
00509
01426
01851
00538
00774
01711
01808
00511
00898
02386
02572
03033
02869
00872
02862
01012
01100
01122
00694
02049
01512
02626
02161
01250
01262
01710
01561
00789
02217
01635
02306
01406
00224
00879
00807
01621
01039
00883
00456
02130
02970
00805
00263
00354
00474
00129
02585
01435
00923
00155
01598
01049
01229
00625
02901
01849
03042
00795
00755
02601
02738
02688
00661
01774
00903
02042
01236
01830
00015
00859
02078
00261
02171
01390
00484
01389
00611
02641
01626
02075
01930
01870
01880
00513
01649
01761
01009
00338
00024
02090
02030
03100
00001
02127
01429
00935
00117
01816
01078
01904
01939
00878
01564
00262
02225
01497
00863
02145
00531
00104
01079
01024
00673
01943
01975
00906
02020
00590
02422
00794
01657
02266
02299
00453
01034
00293
00419
00351
01085
02636
00237
02017
01602
00568
01343
00058
00229
01725
01933
02478
03088
02649
00361
02110
01655
02577
03036
02600
01671
00180
00281
01676
01722
01908
02759
02543
00768
00998
01442
01892
00835
01659
01638
00395
00804
01542
00032
01500
02227
01412
02936
03007
01771
00321
00210
01815
00617
00327
02618
02980
00007
00457
02501
00740
01104
01043
01850
00264
00107
01797
01803
00253
01643
00157
02737
00890
00901
02087
01331
02466
02232
02687
01796
00624
00839
01225
01558
01529
01539
00066
00128
02631
00501
01782
01112
02203
02994
00808
01062
02718
02477
02350
00436
01552
02698
01706
02845
02199
01515
00189
01581
00470
00515
00232
02550
02837
03077
00298
03035
02917
00976
02981
01977
02152
00245
02421
02132
02037
02114
01336
00642
02772
01099
01362
02251
01751
02776
01243
02134
01436
02954
02748
02311
01891
01864
02294
00444
02671
02630
01364
00566
01357
01142
01738
00831
02074
00921
01901
02573
00126
01355
02052
01608
00822
00681
03046
01898
03068
02932
02540
01277
02104
01785
00053
03003
01693
02440
02212
01519
01237
01306
01340
01187
00109
02874
00489
00323
00402
01950
01518
01089
00200
02995
02264
02246
00536
00634
02029
00667
00042
01989
03026
01662
02201
01004
03097
01727
02628
00687
00552
00532
01478
01146
02865
00853
02063
01054
02287
02673
01333
00645
00864
01506
02149
02028
02986
02690
02473
01125
00844
00814
01269
02976
01471
00730
01067
01174
02725
00551
01929
01877
02222
00997
00924
02900
01050
00765
02102
02480
02715
01577
02187
01315
00424
00140
02928
02717
03084
02512
00325
00959
01015
00876
00875
00365
00648
02317
02576
01966
01915
01685
00244
00966
00522
02559
00918
02830
00631
01485
02446
02770
01760
02881
00905
01715
01869
01498
02363
01660
02390
00130
00579
01288
01264
00757
02758
02323
00282
02124
00584
00335
00764
01473
01763
00867
00080
01535
00059
01651
01281
00620
01839
01484
01102
01110
02219
00333
00915
00751
01692
02734
02083
00429
01020
00548
00486
00258
01994
01469
01167
01487
01807
01780
00171
01051
00936
02314
01417
02013
00838
02878
00317
00291
02777
01537
00151
02181
00273
00313
00249
02801
00304
02458
02653
01731
01234
00593
00203
02085
01026
00622
02882
00832
01289
01694
01217
02337
02160
02274
02908
01905
02578
02163
02713
01292
00485
02435
00276
00238
02483
02204
01568
00192
00708
01507
00044
02086
01779
00570
00829
01571
00052
00204
02136
00181
00869
01772
02221
00695
01806
02077
02006
01081
02728
02962
01955
00747
01405
01188
00813
00628
01879
00071
01799
02997
00821
01097
01663
01658
02267
01127
00633
00246
02858
00329
00241
00950
02234
01086
02329
00613
00445
00662
00070
02907
02108
02389
00003
01951
02593
00305
01861
01171
01777
00328
01890
01311
00337
03064
02281
01720
00550
02396
00239
01565
03004
01766
02563
02069
00110
01134
02597
01683
00517
00965
02159
01157
00703
00138
02971
01267
00300
01948
00534
00306
01684
00512
03061
03083
00133
02677
02808
00314
02950
01155
01113
01842
02093
00303
01133
01030
01504
03000
00288
02791
01032
01700
02273
01220
02361
01123
01345
02268
02533
00149
02978
00114
01135
01313
00174
00056
01467
02832
00688
00194
02610
00600
02544
00724
02599
02262
00087
02351
01314
01387
01617
01458
01215
01261
01466
00702
02250
00427
02765
00529
01327
02964
02447
00947
01936
00103
02824
02899
00343
01444
00118
02714
00319
00048
00334
00830
00585
01409
01489
02189
02492
00750
00880
01385
00279
00806
00801
02549
02814
00435
01382
01371
01634
00940
00507
02595
01822
00228
01616
02275
02537
02412
00986
00025
01132
01040
03029
01569
00123
02697
01840
02586
02174
02202
01376
01982
00562
02582
00557
02195
02809
02491
00473
00759
01648
00163
00062
01374
01986
01886
02674
01338
01970
02639
00657
03082
03011
00014
01353
02941
00265
02334
01749
02092
02732
02596
02956
00815
01938
02193
01610
00026
01091
00980
00975
01566
00371
02811
02115
01074
01701
02369
02982
02934
01407
02965
01730
02804
01775
01224
00928
03054
01106
00225
01900
00392
00362
02438
02676
00641
02583
00714
02627
01481
00049
00124
00564
01120
01589
02371
02527
01437
02080
01230
01375
00939
00005
01159
02326
02604
02374
01615
00674
00894
02277
02076
01650
00434
01820
00775
02259
00119
01969
00191
00315
02910
02468
01773
00091
00549
00190
02183
02131
00169
02465
01757
00766
00934
00758
00037
00565
01687
00148
02952
00168
00464
00405
01068
01698
02833
02663
01308
02173
01048
00006
01784
01907
02922
01673
01944
00096
01709
02206
02366
00578
02423
00440
01414
01164
01526
02762
00156
00348
00367
01464
02439
02308
01495
00937
01556
01479
01063
02534
02276
01041
01865
00610
01219
02695
02196
03079
00116
01920
01303
02469
02328
02909
02058
00825
00561
00581
02897
01197
00397
00654
00302
00630
00089
02760
00623
01447
02966
00004
01380
01418
02999
00064
01193
00892
00467
02341
02064
00979
01053
01716
01255
01894
01240
01150
02391
02975
02520
02724
02670
01745
02503
00202
01396
00160
01686
00266
01092
00608
02420
01325
02793
01528
00208
01029
01688
00223
00951
01578
01959
02829
00553
02395
02735
00693
00952
02459
00012
01280
02057
00639
02514
01718
02958
01544
02529
00260
00981
00510
01251
00865
02418
01899
00173
02621
01607
00388
00019
00458
02144
01792
02689
02510
01922
00690
02863
01522
02434
02835
00215
00539
01149
00322
01967
00120
02721
02864
02377
02730
01470
00592
00792
00671
00376
01152
01505
00154
00676
02368
01921
02961
00857
02215
01501
01317
00668
02288
01633
01961
00518
01129
01425
01329
00925
00108
01178
03060
00787
02320
00372
02417
02555
00704
00102
02001
02284
02996
00222
02295
00971
00577
02014
01503
03066
01228
03038
01391
00711
00723
00972
00257
01226
01121
01814
00477
00626
01033
01857
00910
02516
02729
02429
02691
01005
01200
02580
01895
02792
01139
02989
02147
01788
01428
00580
01090
03020
01483
01003
01645
01947
02661
01690
02521
02896
02560
00039
02336
00652
02318
02332
01613
02558
00530
01854
00811
00275
00665
01323
01172
00684
01025
00889
01583
01964
01291
02272
01805
02360
01249
00627
01595
00938
01341
02757
00079
00299
02367
02957
01999
00041
00205
02803
01614
00274
01846
00899
02186
02796
00727
01636
02967
01069
02301
02091
02654
02312
00644
00958
01316
02768
02640
00040
02532
02207
02027
02822
02231
10896
10380
10850
11064
10884
10133
10519
10922
10175
10420
10857
10521
10632
11142
10657
10122
10001
10105
10771
10726
11115
10113
10488
10478
11147
10516
11067
10599
10894
10125
10059
10188
10392
11091
11105
10794
10822
10698
10918
11141
10103
10686
10901
10300
10987
11077
11020
10640
10803
11108
10373
10343
10442
10400
11181
11072
10646
10604
10047
10451
10485
10847
10086
10244
10140
10782
11163
11057
10547
10742
10061
10889
10119
10833
10966
11107
10804
11055
10366
10021
10911
10286
10574
10041
10548
10923
10428
10613
10755
10996
10601
10969
10814
10459
10162
10419
10223
10637
10039
11155
10436
11080
11145
10486
11157
10939
10439
10829
10499
11003
10023
10532
10842
10467
10758
10487
10496
10099
10821
10479
10568
10529
10454
11177
10232
10128
10298
10503
10445
10356
10501
10638
10900
10497
11005
11138
11174
11004
10699
10641
10437
10865
10450
10670
10084
10946
10335
10340
10330
10965
10180
10432
10138
10124
10676
10117
10172
10852
10409
11048
10854
10278
11197
10033
10067
10019
10234
10729
10614
10800
10615
10088
10910
10002
10583
10396
10695
10151
10623
10924
10774
11110
10259
11171
10989
10859
10650
10339
10474
10874
10594
10293
10062
10947
11079
10146
10786
10252
11172
10708
10256
10985
10915
10389
10551
10913
10533
10564
10114
10522
11137
10875
10785
10651
10236
10744
11007
10776
10353
11131
10108
10677
10898
10058
10689
10092
11166
10837
10520
11186
10508
11151
11026
10983
10028
10502
10669
10958
10374
10737
10045
10728
10509
10792
10692
11041
11198
10005
10127
10288
10134
10126
10935
10944
11117
10997
10118
10914
10249
10217
10552
11170
11134
11009
10645
10284
10213
10765
10929
10247
10539
10098
10843
10314
11008
10254
11074
10493
11160
10079
10578
11167
10629
10452
11191
10563
10291
10490
10055
11019
10727
10423
10484
10104
10296
10688
10554
10815
10867
11139
10556
10861
11002
10401
11095
10639
10394
10573
11125
10930
11090
10404
10866
10306
10605
10115
10360
10885
10750
11158
10083
10908
10017
10888
10840
11053
10593
11085
10065
10942
10470
10319
10673
10463
11096
11052
10246
10365
10678
10456
10036
10881
10974
10950
10219
10634
10572
10015
10035
10917
10746
10790
10926
11132
10262
10191
10032
10730
10770
11101
10941
10597
11148
10250
10034
11173
11094
10588
10327
10106
11149
10784
10416
10097
10751
10073
10425
10056
10472
10687
11118
10666
10663
11109
10560
10883
10376
10203
10546
10848
10806
10309
10500
10413
10756
10290
10016
10346
10107
10652
10030
10919
10069
10349
11010
10168
11127
10703
10054
10713
11062
10869
11061
10764
10715
10181
11027
11119
10856
10090
10359
10538
10218
10655
11183
10999
11104
10738
10720
10225
10586
11092
10332
11133
10095
10607
10627
10868
10333
10475
10807
10268
10342
10561
10020
11196
10080
10235
10912
10408
10196
10716
10007
10585
10412
10990
10081
10938
10769
10156
10961
10315
10635
10491
10495
10890
11060
10132
10494
10155
10466
10352
10956
10190
10354
10805
10344
10783
10130
10823
10555
10173
10461
10622
11024
10150
10337
10411
10766
10006
10444
10010
11106
10397
10385
10310
10801
10610
10872
10781
10948
10798
10422
10636
11065
10775
10799
10421
10762
10165
10617
10063
10870
11032
10345
10087
10275
10550
10797
10405
10846
10937
10267
10523
10438
10060
10739
10722
11169
10468
10736
10763
10858
11050
10031
10625
10424
10116
10141
10907
10723
10812
10916
11144
10433
11038
10609
10507
10274
11113
11153
10455
10038
10933
10903
11028
10828
10778
10382
10505
10152
10712
10693
10838
10453
10518
10955
11100
11070
10182
10212
10321
10921
10136
10074
10184
10967
10575
10137
10112
10711
10667
10973
10313
11098
10553
11175
11063
10743
10731
10826
11045
10886
10075
10371
11013
10093
10734
10434
10387
10457
10700
10534
10091
10591
10166
11084
10358
10691
10304
10526
10595
10530
11129
10211
10598
10147
10348
10982
10724
10717
10011
10139
10169
10619
10377
10024
10241
10719
11093
10100
10085
10068
10515
10834
10426
10046
10709
11152
10780
10222
10312
10082
10143
10123
10323
11102
10701
10261
10537
10171
10893
10066
10882
10185
10643
11111
10567
10802
10506
10154
10305
11058
10167
10053
10022
10257
10395
10649
10654
10685
10831
10877
10682
10761
10050
11071
11140
11000
11040
11011
10301
10388
10331
11073
10398
10813
10429
11162
11029
10299
10207
10399
10281
10320
10816
10690
10431
10975
10656
10215
10029
10248
10307
10253
10477
10787
10621
11018
10951
11047
10795
10991
10993
11199
10351
11185
10559
10044
10338
10616
10322
10528
10580
10811
11123
10631
10367
11136
10579
10777
10206
10660
11135
10920
10754
10362
10681
10102
10187
10845
10825
10835
10927
11194
11043
10590
10557
10899
11023
10160
10953
10403
10233
11130
11017
10402
10878
11021
10209
10279
10696
10355
10014
10407
10680
10465
10446
11143
10120
10584
10341
10571
10199
10836
10325
10224
10600
10940
11030
10873
10853
10012
10934
10227
10661
10725
10372
10078
10959
11046
10159
10587
10025
10602
10902
10748
10995
10294
10076
10415
10350
10195
10702
10513
10809
10549
10648
10810
10200
10272
11025
10963
11049
10707
10129
10665
10176
10418
10745
10144
10214
11033
10048
11156
10336
10980
10984
10606
10759
11126
10697
10271
10381
10057
10906
10469
10157
10282
10740
21647
21856
20210
20370
20133
21678
21254
21485
21366
21986
21762
21951
20056
20947
20099
21971
21675
21898
20948
20287
20949
21032
20773
21816
20790
20950
20295
20180
21608
21296
20404
20887
20577
21873
20403
20897
20132
20718
20592
20344
20900
21441
21162
20008
21506
21929
20273
21606
20360
20470
21959
20704
20381
21542
20119
20051
20107
20714
21504
20775
21276
21019
20975
21460
20254
21206
20216
21953
20068
21228
21473
21863
21747
21887
21321
21127
21230
21788
20943
21901
20812
20738
21685
20529
21807
21932
21680
20019
21890
20761
20489
20271
20757
21701
21992
20840
21238
20743
21975
21947
21555
21846
20731
20437
21781
21514
21154
20570
20334
21294
20748
21226
21558
21525
21970
20294
21539
21927
21775
20622
20954
20198
21574
20195
20730
21849
21067
21021
20028
21983
20142
20376
21165
21925
21593
21985
20850
21495
21923
20546
20380
21179
20315
20502
20356
20329
20615
21431
20805
20715
21753
20984
20002
20742
20911
20646
21283
20341
20845
20818
20595
20545
20882
21229
21219
21716
21247
20537
21461
20693
20300
20490
20865
20083
20097
20746
21751
21474
21794
20530
20072
21631
21550
21403
20993
21144
21314
20153
21383
21978
21855
21900
21621
20501
21178
21567
21173
21554
20436
21121
21288
20681
20117
21353
20152
21308
20461
20443
20699
21046
21417
21596
20661
20175
20371
21960
20498
21777
21483
21309
21837
21481
21365
20826
20479
21569
21956
20055
20157
21221
20458
20220
20077
21913
21488
21081
20647
20886
21413
21266
20024
20306
21587
20118
20197
20520
20450
20574
21471
20861
20918
20824
20736
20994
21534
20940
21928
20484
21083
20723
20485
21629
20130
20973
20161
20860
21058
21624
21789
21648
20610
21691
21195
20684
21499
21145
20352
20245
20728
20817
20037
20604
21338
21326
20988
20703
20560
20590
21169
21695
20336
20448
21434
21449
21479
21852
20086
20576
20660
21848
20288
20806
21704
21428
21235
21755
21072
21184
20057
21519
20635
21604
21595
21759
20643
21469
20026
20377
21029
20079
21210
20311
20154
20472
20227
21832
21375
21458
20583
21361
21168
20551
20527
20203
21830
20367
21432
21614
20014
20240
20174
20120
21984
21637
20795
20639
20194
21101
20922
21131
21491
21620
21264
21444
21141
21535
21662
20685
20151
21914
21617
21806
20187
21236
21754
20140
20919
21612
21328
21157
20722
20965
21502
20844
20321
21410
21489
21079
20572
21368
20584
20926
20074
20234
20634
20821
20046
20269
21298
20594
20616
21876
21813
20689
20242
20734
21042
20528
20148
21501
21528
20665
20786
21371
21712
20096
20800
21050
20640
20771
20011
21524
21455
21037
21462
21805
20740
21159
21893
20062
21776
21113
21480
21545
20186
21786
21838
20513
21398
20034
20353
21787
21632
20841
21533
21740
21540
21271
21735
21739
21436
20105
21734
20111
21683
20562
21642
21507
20905
21216
20362
20892
20401
21765
20883
21245
20150
20519
21878
21600
21908
21998
20237
21026
21710
20031
20455
21503
21142
20039
21320
20230
20937
20059
21313
20339
20721
20263
21082
20763
21515
20366
21251
20780
20104
20894
21180
20265
20201
20098
20020
21411
20851
21836
20535
21074
21263
20895
21261
21156
21937
20327
20058
21544
21295
20504
21269
21841
21177
21348
20030
20678
21715
20809
21963
20997
20651
21968
21022
20296
20365
20750
20959
21919
21976
21115
20564
20819
21402
21688
21722
20511
21041
20070
20972
21729
21401
21756
20735
20645
21773
20901
20387
21018
21132
21332
20100
21325
21370
21150
20705
20971
21736
21770
20500
21610
21027
20904
21255
20433
20106
21669
21363
21961
20893
20202
20835
20127
20075
21667
20248
20603
20811
20451
20094
20981
20215
21583
20853
20162
20913
21049
21373
21190
21147
21559
21724
21578
20753
21010
20182
20925
21517
20447
21905
21406
21601
20252
21033
20314
21060
20390
21278
21194
20022
20565
20944
21591
21922
21826
20255
20222
21536
20548
20717
20343
20567
21556
21674
21973
20995
20854
20217
21565
20927
21630
21420
20506
20708
20386
20686
20337
21300
20582
20166
21007
20241
20687
20018
20266
20652
21015
21416
21653
20430
20016
20405
21977
21871
20662
21151
21149
20464
21941
21237
21663
21989
20452
21821
20946
20977
20102
21661
20060
21594
20522
21619
21120
20559
21306
20508
20342
20331
20829
20238
20784
21496
21448
21664
21016
21774
21571
21974
21468
20308
21299
20890
21767
21202
20827
21888
20379
20226
20700
21084
20692
21673
20206
21122
21668
21073
20126
20863
21883
21492
21465
20289
20374
20259
20268
20623
21317
21557
21028
20676
20113
21176
20871
21267
21482
20459
20758
21522
20188
21130
20602
21510
21111
20488
20934
21397
21098
21454
21703
21426
20131
21865
21641
21948
20181
20631
20585
21076
21211
20670
21589
21586
21358
20620
20644
20267
20123
20507
21014
21946
21423
20760
21390
21268
20719
21706
21381
21346
21575
21293
21327
21592
21823
20857
21899
20967
20328
21422
21872
20683
21584
21103
21785
21910
20923
20159
20930
20990
21721
20325
21950
21486
21840
20899
21939
21289
21316
21982
20251
20540
21048
20006
20256
20389
21089
20456
21831
21335
20441
20047
21200
20599
20301
20832
20400
20033
20658
21343
20791
20697
20858
20003
20312
21167
21527
20982
21175
21396
20190
21287
20307
20382
20793
20349
21443
20939
21875
20040
21702
20951
21845
20005
21030
20521
21563
21933
20608
21138
20828
20419
21339
21694
20881
21943
21994
20114
20888
21940
20408
21713
20136
20891
20979
21223
21344
20247
20849
20733
21153
20090
20938
20712
21053
21260
21350
21790
21643
20569
20629
21284
20438
21796
21360
20751
21274
21965
21903
21035
21749
21025
20974
21062
21065
20009
21538
21158
20846
20208
20348
21174
20407
20320
21626
20558
21611
20710
20831
20499
20082
20777
20598
20765
21880
20369
20172
21003
20093
20199
20049
21262
20787
21618
20457
21291
20745
20305
21126
20509
20672
21799
21562
20638
20573
20422
21957
20648
21981
21656
20415
20597
20542
21935
21758
20065
21793
20747
20813
21590
20193
21475
20820
21980
21421
21004
21077
21119
21962
21763
21697
21171
21532
20909
20915
21920
20332
21051
21013
20752
20355
20063
21430
20495
20677
20169
20609
21155
21771
20183
20843
21239
21850
21450
21633
20847
21743
20807
21341
20963
20798
20682
20449
20872
20961
21490
21936
20392
20482
20917
21818
21161
20462
20368
21714
20945
21355
21270
21666
21020
20473
20073
20711
21798
21187
21476
20417
20729
21186
20655
21692
21760
21252
20224
20516
20149
20340
21493
20191
21902
21512
21537
20618
20038
21070
20838
20274
21380
21052
21780
21357
20889
20440
21188
21979
21808
20225
21043
21511
21387
20042
21354
21847
20393
20970
21834
21686
20659
21225
20258
20165
20052
21199
20952
20539
20612
20797
20788
21529
20694
21851
21907
20310
20394
21395
21459
20842
21408
20163
20297
21359
21071
20532
20013
21862
20533
21579
21356
20764
21128
21909
21201
20397
20885
21731
20446
20563
21224
21096
21440
21163
21281
21407
21094
20475
20962
20956
20278
21521
21197
20264
21466
20218
21526
20236
20395
21523
20439
21107
20691
21659
21192
21938
21301
21993
20525
21435
21944
21399
20698
20354
21433
20205
21146
20707
20384
21934
21075
20375
21478
20431
21829
20496
20158
20739
21719
21609
21638
20147
21723
20933
21259
20112
21942
20423
21191
21877
20799
20027
21991
21570
21687
20536
21857
20465
21698
21657
20864
21088
20463
20318
20766
20001
21779
20168
21152
20877
21766
20128
21400
20048
20185
21008
20429
20200
21497
20552
21803
21217
21564
20029
20878
21001
20125
20907
21649
20822
21879
21625
21854
20801
21635
21886
21727
20928
20605
20303
20920
21024
21285
20561
20261
21102
21679
20041
21470
21660
20101
20414
20481
21384
20078
20912
20578
21095
21477
20579
20021
20701
21598
20110
21639
21757
21833
21129
21080
21418
21815
21031
21069
20053
21012
20317
20512
21741
20045
20282
20936
20741
21382
21742
20716
21391
20544
21240
21447
21379
21995
21541
20135
20309
21650
20989
21253
21446
21329
20043
20709
21745
21232
20023
20744
20492
20260
21170
20207
20557
20115
20985
21954
20593
21445
20257
21783
20156
20124
20992
20929
21670
21551
20873
20549
20054
20409
21256
21768
20666
21717
20792
21552
20526
21916
21707
20347
21800
20772
20277
21222
20171
20903
21997
20064
21549
21437
21068
20955
20192
21172
21654
20568
21100
20232
20425
20346
21864
20690
21498
21139
20852
20428
20554
21214
21377
21233
21164
20164
21814
21566
20547
20523
21086
21087
20250
20092
21778
21844
21859
20624
20396
21340
20364
21323
21372
21203
20469
20466
21386
20724
20914
20628
20196
21467
20167
21827
21860
21548
21634
21699
21553
20270
21897
20177
20642
20032
21215
21134
20664
20986
20931
20088
20601
20870
21576
20141
20804
20155
20286
20553
20453
20281
21665
21645
21333
20290
21097
20848
21868
21394
21429
21389
20272
20815
21915
20991
21726
21516
21828
